$ 1 0.000005 0.910053618607165 50 5 50 5e-11
a 752 384 880 384 9 15 -15 1000000 0.09513601774010429 0.09515520363520125 100000
209 560 368 624 368 0 0.000001 -0.00004955194813160979 1 1
r 624 368 624 448 0 22000
r 560 368 560 448 0 50
g 560 448 560 464 0 0
g 624 448 624 464 0 0
r 720 512 720 592 0 680
r 768 464 848 464 0 4.7
r 768 512 848 512 0 22000
r 976 512 976 592 0 1
c 976 592 976 656 0 2.2e-7 1.912741588095396 0.001
c 848 464 928 464 0 2.2000000000000003e-9 -1.8231832643947803 0.001
209 720 592 720 672 0 0.000022 -0.0003220255267412271 1 1
w 752 400 720 400 0
w 768 512 720 512 0
w 768 464 720 464 0
w 880 384 928 384 0
w 928 384 928 464 0
w 848 512 928 512 0
w 928 512 928 464 0
g 720 672 720 688 0 0
w 928 384 976 384 0
w 976 384 976 512 0
g 976 656 976 688 0 0
w 752 368 624 368 0
w 720 400 720 464 0
w 720 464 720 512 0
d 928 384 928 272 2 1N4004
d 928 656 928 512 2 1N4004
R 928 272 928 240 0 0 40 15 0 0 0.5
R 928 656 928 688 0 0 40 -15 0 0 0.5
v 496 448 496 368 0 1 2000 0.1 0 0 0.5
g 496 448 496 464 0 0
w 496 368 560 368 0
207 496 368 496 336 4 Input
207 976 384 976 352 4 Output
o 33 2 3 28674 0.0001 0.0001 0 2 22 3
o 34 2 0 20482 0.625 0.00009765625 1 2 34 3
o 35 2 0 20482 20 0.00009765625 2 2 35 3
